MSE_mean =

    0.0655


MSE_var =

    0.4293
